2391
2488
2624
2889
2981
3007
3052
2677
2347
2268
2576
2792
2889
2871
2906
3060
3104
3021
3280
2602
3756
3840
3827
4095
4403
4077
3694
3734
3928
3809
4161
4276
4280
4210
4870
4694
4822
4628
4456
4729
5150
5157
5033
5233
5230
5072
4945
5178
5402
5033
4807
4532
4578
4877
5163
5394
6090
6383
6752
7043
7936
7159
6151
5803
6183
6204
6508
6503
7330
6872
7124
6874
6883
6414
6883
6894
6883
6414
7268
7395
7062
7442
7625
7104
7907
7916
7959
8156
8808
8589
9040
9102
8951
8220
7642
7691
8184
8110
8689
9206
10482
9741
9411
9872
10703
10205
9485
9690
10004
9891
9174
9879
10498
10852
10584
10826
12239
13060
13383
14124
14609
14035
13632
12704
14294
13447
