-0.06472028
-0.8100496
-0.7030951
0.2123274
0.1472343
0.02695321
-0.1255078
0.3022704
-0.06384468
-0.1697119
-0.5373665
-0.1623889
-0.08273403
0.05746896
-0.2003533
0.02183776
0.243764
-0.133138
0.2362266
0.5918307
-0.03404624
-0.2581544
-0.4135577
0.1835682
0.4537238
0.4331187
-0.004159368
-0.02468999
0.1982761
0.6627083
0.456751
0.8635385
0.4640032
0.206396
0.7678891
0.9352617
0.3381232
0.4284554
-0.02983641
0.4794929
0.5300355
-0.05158544
-0.09966976
-0.1587372
0.4609479
0.2133695
0.4501798
-0.8458227
-0.7856425
-0.6900168
-0.6203268
-1.066521
-1.100227
-0.8001038
0.5059771
0.7970196
0.9817577
-0.06928486
-0.537653
-1.249865
-0.5483048
-0.4922316
-0.1581674
-0.4005699
0.3887583
-0.116527
-0.2544481
-0.4488958
0.5865988
0.9142711
0.2707264
-0.187088
-0.5480472
0.1127095
0.3459275
0.6112937
0.7342259
0.1993862
0.3424065
-0.2102953
-0.2211967
-0.08026872
-0.18006
0.2436865
0.04685803
-0.43416
-0.1955086
0.4876725
0.4254662
0.06544225
-0.1631562
-0.1376481
-0.6439369
0.09110098
0.3576895
0.2697247
-0.1741189
0.3932298
-0.1846889
-0.1684439
-0.3271547
0.6859961
0.7421824
0.6381157
-0.2134896
-0.5415158
-0.7797758
-0.6839965
0.07721189
0.8203486
0.7706906
0.908988
-0.2569184
-0.599037
-0.1867295
0.2258831
0.2732299
-0.4700969
-0.5601737
-0.3127002
0.04830257
0.6759876
-0.09986441
-0.5294532
-0.3185873
0.04582412
-0.05224575
-0.2140887
-0.8408743
-0.5171829
-0.1971339
0.179146
0.05555314
-0.06333175
-0.3740935
-0.09723932
-0.6411525
-0.7534766
-0.6082556
-0.06164202
0.02594584
-0.5808523
-0.3884324
0.05702924
-0.6861874
-0.3605467
-0.3995833
0.23611
0.02921493
-0.3056498
-0.3645624
0.2535435
-0.4026447
0.07724769
0.4439846
0.5309008
0.8202875
0.08602914
-0.2267618
-0.8726711
-0.5108537
0.005449528
-0.3662574
-0.5207368
-0.6546541
-0.4913161
-0.5544512
-0.380736
0.2403964
0.4284579
0.4982386
0.3004568
0.4568807
0.2698904
-0.2137437
-0.4749949
0.2365572
0.03343047
0.07052703
0.2372001
0.2983588
0.5031708
-0.02092321
-0.5060333
-0.5760116
-0.681859
-0.7189728
-0.269842
-0.1005849
0.6421769
0.5614217
0.4035606
0.3256386
-0.2650804
0.3653123
0.360908
-0.03772297
0.2715809
-0.2372629
0.1238929
