9.058342
8.16112
11.83612
12.9589
11.5289
10.17834
8.832231
5.960009
7.390009
16.2889
6.027231
17.60779
7.36112
5.427231
8.187787
13.47334
13.35945
17.73612
5.769454
7.253342
10.79445
8.385009
18.10168
25.18945
12.12779
16.50945
17.28945
12.82945
20.38279
8.372231
12.48168
5.890009
5.163342
8.81112
9.960009
18.33056
20.11668
15.73501
22.35501
13.97945
20.50279
13.97112
16.13668
16.05945
14.0439
4.440565
10.77223
14.79834
12.23056
11.94779
9.457787
6.127787
10.41279
14.99945
9.083342
15.17445
18.93223
10.07056
10.38334
11.64168
11.2839
12.86056
7.213898
9.04112
6.405009
7.203898
8.032231
8.900009
7.44112
14.76279
15.83334
11.10723
9.108342
10.37334
5.310009
10.41223
10.6639
12.70168
11.04723
14.69056
6.385565
5.968342
5.277231
8.231676
10.9989
5.539454
11.12779
14.16445
12.12168
8.55612
8.043898
3.703898
14.36168
11.16668
14.28223
7.745009
11.09556
9.679454
11.44556
6.282787
10.39279
12.26501
15.84279
2.835565
3.530565
4.313898
3.115009
6.582231
15.59945
17.20668
15.53279
8.793898
8.50612
9.100565
14.55668
6.160565
5.689454
2.206676
8.351676
10.47779
16.46223
17.36834
13.70445
8.073342
9.850565
21.01334
13.59056
11.13668
6.598342
3.492231
4.279454
6.573898
12.09723
7.643898
9.759454
14.6489
15.93056
16.48556
6.567787
9.085009
12.89112
5.620009
4.911676
5.433342
11.54501
19.5589
5.762787
7.270009
15.3089
10.48779
13.92112
13.63279
8.272787
8.846676
8.990565
6.673898
7.629454
11.73056
10.76445
9.953342
14.13056
8.299454
14.89612
9.138898
11.26945
12.44001
13.24501
16.99501
7.924454
8.623898
5.018342
9.051676
7.076676
8.846676
10.28334
11.57279
9.870565
8.650565
10.07112
9.300009
11.95556
10.41168
11.86168
14.3839
16.6389
10.74556
10.65556
10.60945
11.31668
10.55834
11.32556
12.96556
13.96556
14.40668
14.75056
9.005565
13.30334
7.978342
7.734454
8.162787
6.570009
8.810009
9.055009
15.33168
8.992231
15.41779
12.05223
9.506676
13.74834
9.432231
11.58668
12.11612
7.892787
9.001676
17.33556
13.32168
14.76279
10.18834
7.998898
13.59612
12.12168
7.454454
10.38779
11.50556
12.34223
12.18668
13.24501
12.45001
11.28056
12.86279
14.03612
15.52668
14.93334
10.14445
10.66723
10.97556
19.32556
14.47056
15.47834
14.08445
15.1489
6.713342
3.855009
6.108342
2.663898
7.711676
6.253342
7.169454
12.0539
10.12945
7.828898
17.21223
10.28834
7.155565
17.17223
15.48834
16.89501
19.95168
25.71445
8.890565
9.892231
12.83612
7.43112
9.933898
8.723898
10.00445
9.903342
9.407231
15.8439
9.58612
14.18112
18.4489
17.34779
7.379454
12.85445
5.355565
5.411676
8.080009
18.64612
9.687231
11.53056
22.06334
11.03334
11.11112
6.400009
8.160565
4.496676
3.29112
11.09168
20.76056
22.4089
16.05779
10.00334
9.571676
21.79334
16.64668
23.66834
22.03723
16.58334
13.22556
5.265009
6.176676
10.54056
13.91723
12.51834
9.168898
8.395009
5.092787
9.107787
5.265565
11.58723
5.501676
3.441676
6.352231
18.33334
15.79112
32.84334
25.55612
15.0989
7.398342
3.881676
11.36223
13.41112
14.47279
8.859454
9.049454
5.836676
10.99779
4.089454
5.204454
10.51223
10.02834
14.9839
18.18668
8.070009
9.090009
11.89445
17.79112
14.86223
10.93279
10.51168
19.06779
8.404454
18.06223
17.28445
14.95779
14.58834
9.850009
14.78779
8.260565
11.3089
6.985009
8.70112
6.248898
8.118898
13.96779
20.18945
16.75168
18.21612
19.50612
7.67612
-0.7399909
22.0089
23.79056
3.19112
7.428342
2.42112
5.54612
5.588898
11.4889
12.42834
10.67223
18.42001
8.020009
13.2489
18.27723
15.89779
8.82112
6.347231
22.68779
17.63334
15.48945
7.57612
6.939454
9.043342
16.28445
12.79501
12.06168
18.00945
12.41779
3.929454
7.999454
2.459454
6.052787
10.32223
14.52168
9.060009
3.993342
9.44112
16.87001
11.34056
19.74668
22.02501
12.43501
8.269454
10.91279
15.86112
20.22668
13.93945
9.753898
10.39056
13.56223
9.048342
6.020565
7.037787
3.117787
10.00779
14.37279
15.69945
19.07334
23.68445
23.67223
25.82056
18.55334
8.851676
6.653898
11.69056
12.5439
4.51112
6.785009
29.5739
20.03223
9.810009
3.73112
5.802787
14.07334
6.187231
0.2383425
17.78334
18.44001
10.87223
10.2039
12.94168
13.16723
15.14056
6.335565
17.59834
6.777231
12.70168
7.338898
6.279454
15.50779
13.91445
10.16168
10.84612
11.5839
22.6139
5.811676
12.91668
14.07223
10.74501
15.01556
16.26945
9.155565
5.612787
7.482787
6.765009
13.84279
11.66556
22.74056
26.2639
19.90501
13.33223
7.719454
8.996676
7.202787
11.4639
8.16612
5.260565
3.676676
3.870565
10.01945
9.746676
9.931676
9.727787
4.672231
7.908342
7.294454
8.153342
13.26056
14.76334
15.21056
11.88668
9.188342
8.072231
11.61945
12.8139
7.057231
11.6439
11.63945
15.4789
11.80056
11.48556
16.52779
14.45501
12.30112
12.71001
12.58168
8.933342
16.08501
15.6389
19.17279
11.02001
6.968898
7.697787
21.79112
10.26279
7.102787
6.976676
5.780565
6.843898
5.999454
6.770565
8.304454
8.203342
11.63056
11.38945
14.35612
14.3489
18.72945
8.360009
7.575009
11.70501
22.79445
19.8639
12.63834
18.51168
13.65668
14.38668
15.04334
12.15279
13.17056
8.570565
10.11112
8.300009
5.495565
9.621676
12.15168
12.2139
10.9289
10.37556
9.165565
10.15945
10.73668
9.638342
10.91556
6.015565
9.005565
9.406676
10.05056
17.54556
8.303342
7.978342
18.11445
17.74279
12.78001
15.18001
13.72501
9.041676
11.24223
21.20779
26.71223
8.466676
8.708342
11.72223
13.66668
10.81612
8.392787
8.291676
13.28556
11.91168
9.802787
8.518342
11.7889
11.21612
15.79168
15.33445
18.55779
7.545565
15.75223
14.14668
10.78501
13.49001
10.28056
10.61279
14.95612
14.02668
13.68334
11.81445
17.53723
12.80556
12.37556
20.21056
12.09834
6.254454
7.688898
6.003342
5.645009
12.10834
10.6139
12.09168
13.79334
8.749454
10.5539
13.33945
13.8689
22.45223
13.69834
15.45556
10.22223
6.568342
13.39501
7.121676
9.254454
11.56056
9.772231
13.08612
18.27112
12.6839
8.553898
11.45445
10.36334
13.15723
12.5139
12.37612
9.93112
19.6689
22.71779
18.71945
7.984454
8.645565
18.16168
7.160009
9.06612
8.767231
10.24056
7.483342
6.613342
8.98112
13.40001
11.03056
3.486676
1.58112
3.131676
4.760565
5.028898
6.557787
9.093342
10.44168
9.123342
4.556676
11.03834
10.36723
17.96334
13.14556
14.56501
13.80668
11.79056
9.297231
14.18834
12.7389
4.315009
14.22279
16.97779
12.89556
4.047231
11.29168
23.24168
22.14223
14.50334
8.32112
7.963342
9.96612
8.518898
9.148342
17.25168
21.69223
13.12112
13.68279
11.60945
5.969454
11.12668
15.07779
4.679454
3.994454
7.762231
7.818342
5.563898
4.056676
11.82001
14.97001
13.98445
8.75112
12.94223
11.26279
20.68168
20.11779
9.444454
6.012231
9.914454
22.15779
13.63834
11.22001
15.70779
12.47056
6.848898
9.115009
7.99112
9.828898
5.668898
5.677787
10.26945
8.291676
8.62612
8.67612
18.46612
14.88001
21.5889
28.30056
24.19112
15.67834
18.83112
19.62612
7.878898
9.978898
19.54834
17.62223
16.01001
23.05001
20.7889
14.39723
7.647787
6.15112
9.227231
1.847787
9.183342
18.44945
24.15612
30.72945
20.20334
16.08445
12.79501
11.06168
7.809454
2.207787
6.179454
5.919454
2.869454
2.922787
22.66223
17.73168
21.52001
21.50334
7.64112
6.870009
27.38056
22.16668
11.39501
14.14501
23.63945
20.50279
11.90112
4.676676
13.18945
15.8339
14.23056
11.98223
12.50834
16.64056
16.58779
13.53779
4.717787
-0.4172131
10.57945
12.07334
13.72445
17.18223
14.40056
18.34334
17.52168
19.9439
13.69056
17.3839
23.71112
17.32501
19.0339
22.24223
16.23001
11.61112
11.05279
5.203342
15.06723
21.06834
14.20334
18.31001
15.74223
7.623898
8.281676
10.25723
4.770565
14.09556
6.058342
19.31723
11.82168
6.668898
12.69945
10.66779
4.534454
10.67168
7.42612
12.1739
3.653898
4.321676
14.11668
25.03223
23.70501
20.09556
10.63945
13.57556
11.62279
7.102787
12.67501
16.43279
17.29556
8.650565
13.8439
9.575009
9.962231
9.719454
25.07668
23.41279
16.9939
7.79612
5.010565
4.516676
7.620565
7.899454
9.876676
10.14168
13.39779
14.68223
14.27834
11.12445
12.23334
10.39056
12.09334
21.05056
14.17668
15.92834
19.98223
12.31945
20.4939
17.42723
10.8539
8.179454
8.988898
10.22056
13.52556
10.36779
14.36501
12.26112
10.16001
6.461676
7.893342
10.74501
6.718898
9.342787
14.68001
20.8489
18.52779
10.71112
13.59279
21.97279
26.14668
23.66056
16.0039
5.499454
7.400565
6.264454
14.91334
11.42056
10.12945
5.85612
6.808898
6.309454
9.940009
6.825009
13.32501
15.59445
8.283898
12.88834
14.02168
9.866676
15.88668
17.33334
10.61279
13.08056
12.44056
16.90112
16.55001
20.16556
11.20168
8.571676
10.4639
9.508898
10.58556
5.865565
9.029454
11.15668
12.38834
8.205565
9.715565
5.925565
9.026676
19.79056
16.87556
9.513342
13.43834
11.48445
10.95279
8.240009
7.020009
6.645009
15.45168
13.20223
8.707787
5.592231
9.296676
6.288342
8.302231
5.496676
6.23612
16.05279
20.54168
10.70556
7.531676
13.05279
9.938342
13.5789
12.79612
9.791676
11.45445
9.387787
8.245565
10.38223
7.356676
11.78501
23.03001
20.32056
9.822787
7.94612
8.486676
10.89334
11.05445
16.53723
14.09556
17.32556
18.92056
13.14834
10.16445
12.5289
18.87334
18.51501
13.56834
10.3239
10.63168
8.583342
9.209454
7.973898
17.29945
17.0289
13.33223
7.368342
5.325565
6.302231
8.318342
6.275009
6.661676
3.254454
6.230565
16.93223
7.29612
7.23112
6.563898
6.223898
7.084454
15.11334
14.95723
16.6339
9.37612
10.01112
14.9889
7.437787
10.46945
10.56445
13.47556
8.491676
8.660009
9.44612
9.437231
14.66056
11.39334
7.783342
13.48112
14.73001
10.78056
9.866676
14.12112
9.421676
12.17056
14.8689
19.10779
14.21334
17.49168
11.42334
15.76668
7.288342
4.787231
11.96334
15.51556
16.34501
15.63668
18.70056
9.207231
13.39834
5.498898
9.395009
17.84279
8.737787
5.265565
6.757231
10.71168
7.151676
26.10223
20.59334
12.49112
6.803342
12.59612
3.508898
6.978342
14.38168
17.78223
7.92112
10.97279
21.06945
6.669454
18.78668
21.95779
18.50945
14.78445
9.012231
15.31834
11.6939
9.346676
18.82001
18.22001
27.77445
13.50112
13.56223
12.63279
9.761676
5.907787
4.944454
16.55223
21.41445
17.78779
16.50834
16.64001
11.25779
9.590565
9.518898
14.02501
19.03112
9.118898
7.578898
5.387787
17.01945
24.75168
10.50612
4.38612
13.72612
13.38001
13.7589
14.92056
7.64112
14.09834
21.70112
19.17612
15.7089
3.898898
7.218342
7.252231
6.050009
5.350009
5.498898
9.567231
16.18779
17.40112
10.80723
11.77779
13.59334
11.61945
15.57612
6.309454
3.833342
3.164454
6.925009
8.641676
9.059454
5.457787
4.139454
14.20945
10.12945
10.26279
9.322231
10.52168
8.850009
12.41334
11.60112
7.620009
9.840565
3.576676
5.025009
7.305009
3.979454
6.332787
7.56112
12.97668
21.18945
13.2139
13.65056
16.64223
20.92834
22.35056
14.82779
12.52779
22.83779
21.12279
7.699454
16.70334
12.64445
16.72223
16.69056
8.883342
7.891676
11.1139
7.060565
6.503898
8.92112
13.65501
12.3339
19.57223
21.19001
17.44112
15.26279
18.66334
19.27723
9.688342
12.16334
7.230009
19.15223
27.4539
25.04168
18.91723
11.52056
8.175565
5.888342
11.69723
8.451676
15.3389
7.579454
11.50779
9.954454
8.121676
7.67612
12.7539
21.6139
23.48168
22.03668
20.16223
9.035009
4.555565
5.559454
10.53556
14.86279
6.102787
12.26501
12.38279
11.46556
14.70056
16.8039
10.45501
14.79223
16.79945
5.036676
9.662787
9.083898
10.83612
7.510565
6.016676
13.07056
7.519454
15.49668
13.64168
12.05779
13.38223
12.94834
17.29445
20.19334
16.35056
14.63334
9.960565
18.84668
20.47834
20.20223
16.61945
17.8639
17.92723
8.603898
9.339454
6.688898
8.760565
8.065565
15.36779
8.285009
12.05112
14.87001
14.16168
19.47334
21.70501
22.5989
14.51279
7.520009
13.9289
8.237787
11.38112
20.92279
27.47279
24.30668
11.53056
14.9239
16.37945
16.10056
11.17445
12.00334
17.55056
18.17945
17.39612
12.3489
16.05945
14.44001
8.745009
12.66501
6.424454
10.9539
14.21834
10.26168
8.566676
6.556676
6.663342
7.112787
4.080565
6.820565
8.03112
7.170009
9.285565
9.821676
9.571676
8.213898
6.718898
10.74556
8.915565
10.06945
21.27668
15.26834
12.53556
14.22556
16.96556
9.276676
13.08056
19.05556
15.67334
9.518342
5.814454
5.652787
11.16001
8.020009
6.645009
5.161676
6.402231
10.95779
9.342231
11.29668
15.08834
10.43223
11.79668
13.23612
12.56279
15.33168
12.66556
8.701676
7.302787
12.80834
11.0789
10.42612
8.871676
8.284454
5.767787
9.585565
15.09223
19.02668
14.16501
7.950009
12.82056
17.19279
15.53612
12.94668
4.893342
7.224454
10.87723
20.18556
18.53556
15.75056
14.64834
11.83445
11.4789
9.663342
8.315009
12.68834
12.9539
10.67168
4.923342
5.079454
9.183898
8.379454
13.8189
13.58223
12.70834
14.36556
9.932231
7.658342
14.52501
13.99168
15.25445
13.02056
8.352231
10.28612
11.31112
12.0139
13.6839
19.37445
12.74334
20.65723
15.2639
11.12612
5.93112
8.288898
5.137787
14.79945
12.44445
11.35556
7.861676
11.45001
14.10612
18.68723
16.12056
11.51334
8.783342
13.10112
13.15001
8.070565
6.786676
8.79112
15.67168
10.71056
4.358898
9.387787
10.09334
6.651676
10.58334
9.226676
16.11834
7.907231
4.713342
11.97556
8.645009
5.636676
2.410565
7.957231
11.22834
9.538898
11.84501
20.14279
17.93779
18.89556
13.54723
12.54168
9.691676
5.562231
4.883342
10.82112
9.553342
17.04612
17.5989
14.47834
9.131676
8.822231
14.79112
8.682787
8.609454
6.219454
12.03668
8.907787
14.58945
9.574454
14.97223
11.19834
13.3239
17.96668
9.400009
14.59001
9.484454
11.70112
10.23223
9.552787
18.46168
22.48779
22.40445
10.47223
4.414454
17.32779
23.83834
13.93001
4.007787
10.56056
9.348898
15.07501
4.37112
5.028898
25.4889
26.46779
18.76945
10.54168
13.62612
12.71612
4.59612
18.01001
6.468898
10.09056
14.27112
9.258342
6.33112
9.63612
16.3689
6.568898
6.558342
14.21223
12.88001
6.180009
13.2889
22.52723
19.35779
11.69112
18.59723
11.84779
9.593342
15.57945
18.65612
10.22945
10.83334
18.74445
12.38501
8.561676
12.63945
6.667787
16.08945
15.83945
13.66945
17.09279
20.70223
22.89168
18.72001
10.45334
10.69112
11.42001
10.63056
7.206676
10.72501
14.68501
14.22945
6.622787
6.31112
5.756676
10.97945
14.5039
10.10056
6.482231
6.798342
12.52056
5.537787
18.15779
17.83779
14.45279
10.73945
6.493342
7.354454
7.342231
9.110565
5.423342
7.061676
18.8639
9.730565
14.5439
27.05112
12.28501
3.083898
6.782231
6.480009
13.28112
20.09279
18.57334
14.27723
7.148342
7.953342
16.68001
15.78223
11.3339
6.361676
5.837231
10.81056
8.055565
13.75834
7.987231
8.991676
13.7089
14.11945
16.70779
9.954454
4.081676
10.67612
10.7939
5.653898
2.401676
5.746676
9.032231
4.915009
6.175565
7.019454
5.905565
12.57279
11.40279
14.80501
14.17279
9.005565
10.57056
10.0539
11.57501
21.12223
12.75945
19.90668
16.08279
7.503898
8.08612
9.100565
10.05668
10.24056
16.22945
12.33668
9.721676
7.857787
10.88223
12.61834
13.91445
11.03334
10.93056
9.883342
11.42056
13.84668
20.09834
10.73223
5.909454
4.233898
11.50723
11.9439
6.719454
10.0689
12.01056
8.815565
14.07779
7.375009
10.89112
19.08001
13.91168
12.22334
8.755009
8.968898
5.552787
12.31001
18.4689
22.06779
10.42112
17.67279
17.43279
8.016676
7.650565
10.8439
10.74945
9.270565
7.054454
8.783342
10.38056
8.759454
12.93612
12.1789
9.389454
13.82001
18.07501
10.62501
15.50445
20.5739
12.84834
12.97168
11.36668
15.55668
21.70334
21.06279
17.79056
12.36056
6.65112
7.760009
10.54556
12.95168
12.20168
10.9639
16.0889
10.70556
11.36556
9.079454
8.576676
12.05834
10.66556
13.00556
15.04556
11.35668
10.67056
6.795565
19.22334
9.478342
5.944454
13.95279
14.49001
8.680009
9.185009
7.331676
11.44223
7.127787
10.63223
11.38668
14.57834
16.88223
15.87668
13.10612
12.02279
12.96168
13.49556
8.571676
18.22279
17.01834
11.4089
8.67612
8.041676
9.574454
12.97779
14.21556
14.63223
8.146676
12.20501
9.360009
8.490565
10.23279
13.94612
9.026676
13.73334
13.31445
16.91723
11.22556
13.61556
9.630565
10.47834
14.00445
13.1489
11.29334
9.725009
12.60834
13.2039
8.631676
13.46334
14.87945
13.6039
5.339454
9.198898
11.71223
11.69834
10.07556
12.59223
9.028342
8.105009
11.95168
11.17445
10.60056
19.47223
11.41612
13.56112
14.9339
16.8039
13.95445
12.78334
9.917231
5.723898
3.78612
7.43112
6.948898
10.26779
21.54945
8.854454
9.065565
13.86168
7.490009
5.56612
2.517231
9.240565
15.72334
14.69334
15.65112
9.310009
5.820565
6.866676
5.21112
9.381676
6.750565
3.358898
8.847787
12.92334
14.82168
16.83334
13.09668
10.91834
9.237231
8.793342
11.56556
21.72501
14.63668
14.83056
17.99723
18.72834
17.9489
10.81501
12.80279
9.487787
9.265565
21.42723
13.80168
14.73168
10.31223
9.263342
15.15112
11.17334
12.25612
19.0889
16.31834
30.67168
15.91223
1.12112
9.882787
17.35945
19.83945
13.91668
13.07779
6.009454
18.57445
9.472231
15.56834
9.313898
26.72668
18.45001
10.34001
13.89445
13.37112
10.48223
10.64279
11.21168
10.06779
13.69445
18.89223
9.664454
8.207787
10.33834
10.43001
17.12779
14.43056
12.0589
21.99501
5.24112
4.328898
9.918898
6.757787
14.63945
8.091676
13.29612
10.55612
9.80612
14.80001
7.048898
13.12056
7.15112
8.178342
14.41112
12.17612
7.208898
16.5289
19.00834
16.83223
11.84001
13.60001
13.2489
24.27723
20.77779
16.15112
15.13723
14.39779
13.01334
5.279454
5.69612
13.93945
20.20334
15.45445
7.885009
14.14168
4.309454
7.167787
21.67945
15.83945
11.41945
18.17279
19.58223
10.27168
1.020009
9.333342
13.23112
16.33001
15.84056
20.24668
11.06501
13.05501
15.30945
5.922787
11.90112
10.38668
11.14945
7.793898
15.19056
21.26223
16.79834
17.18056
19.70779
12.36779
15.08779
9.292787
9.079454
9.373342
14.88445
21.51223
23.11056
19.26334
11.77168
17.7339
15.77056
9.793898
6.55112
9.205009
15.1639
16.53223
4.940009
7.03112
13.80279
15.08334
9.357231
3.858342
2.203342
4.230009
4.162231
7.873898
2.701676
4.927231
5.140565
5.885565
6.808342
11.94723
17.03168
11.7889
16.11945
20.95779
11.70445
8.291676
8.59612
10.0539
17.4939
22.19168
8.576676
21.61223
18.45501
5.675565
6.429454
9.285565
12.45279
7.352787
11.09501
14.76279
18.63556
22.74056
15.7639
8.575009
13.12223
16.21945
10.70668
11.37279
12.7539
18.95612
18.55056
10.00668
9.240565
16.64945
16.28668
13.14168
16.30779
8.302231
7.198342
8.084454
10.73334
15.47056
14.89334
17.83056
13.01668
9.768342
10.94223
13.61945
7.773898
6.017231
16.6839
12.17945
4.488898
10.59056
9.605565
11.06779
12.37501
12.18112
18.45001
19.41168
13.01334
11.12501
11.9689
6.842787
11.52001
11.4289
13.69779
9.63112
5.712787
5.142787
9.226676
12.57056
18.9639
10.66945
14.35056
10.76445
8.663342
17.17056
22.71945
17.76612
11.3889
12.96945
12.36001
11.36501
13.87501
11.83445
12.3739
8.758342
5.851676
10.02668
6.846676
11.12334
12.99279
12.12056
14.02056
16.07112
10.67001
8.575565
8.911676
10.02168
10.3339
7.718898
9.375565
7.455565
12.65945
11.69668
10.67834
8.955565
13.63556
13.71556
11.82668
12.67056
11.54556
13.64334
11.47834
11.48445
8.822787
16.37001
24.85001
20.30501
9.871676
12.94223
13.99779
11.42223
13.88668
12.08834
12.89223
11.54668
12.69612
8.232787
10.62168
15.03556
12.20168
11.01279
10.89834
8.618898
8.50612
10.37168
17.83445
17.21779
14.83556
8.132231
12.27668
8.745009
10.78001
13.99056
12.19279
4.94612
6.986676
8.353342
18.01445
18.61723
10.01556
5.075565
7.710565
13.26834
12.45445
13.4789
13.54334
12.64501
9.778342
15.2839
13.67168
16.58334
16.57945
16.8539
12.25945
6.488898
9.082231
11.86834
14.74556
13.09223
14.89834
11.18501
17.45168
12.34445
7.150565
7.472231
9.08612
7.19112
6.143898
13.4339
14.83445
7.773342
5.327231
5.683898
8.24612
7.43112
9.408898
4.147787
1.759454
8.484454
6.525565
11.61168
28.91001
11.93612
13.93723
9.110565
8.723342
8.073342
11.02112
10.56001
15.83056
9.656676
11.25112
16.21168
8.960565
16.1989
12.92779
8.383342
3.071676
7.293342
5.016676
8.158342
17.78723
13.50334
11.43556
23.01501
19.21668
10.50056
8.377231
6.568342
24.7889
25.51501
5.802787
8.817787
18.55556
25.83723
10.58168
5.521676
6.392231
2.343342
8.49112
12.25334
10.88612
7.348898
15.85834
24.46168
17.82223
15.91112
9.552787
7.479454
12.58945
12.95668
5.867787
6.379454
7.954454
8.642231
14.23834
13.9439
12.35668
13.82001
24.30001
22.64445
10.08112
6.902231
11.97279
4.251676
9.027787
12.81445
12.51223
11.90445
10.41779
14.96834
15.26001
4.757787
13.84056
7.178898
18.40501
12.45112
12.9089
12.5789
7.137787
8.729454
9.001676
11.54612
7.01612
15.88612
4.670009
10.5889
10.79056
3.73112
6.018342
3.83112
8.04612
9.918898
8.318898
12.88834
6.662231
11.21001
7.640009
3.998898
4.897231
8.727787
4.73112
3.517231
1.567787
9.433342
11.85945
14.19612
10.55945
17.58334
13.29445
7.545009
13.60168
14.59945
9.997787
13.58945
7.879454
18.87945
12.38279
18.16223
9.941676
9.640009
7.743342
14.98112
10.25001
4.590565
6.036676
7.975009
17.72501
10.43945
5.622787
4.48112
14.63668
13.22945
12.3339
15.27056
25.10223
10.12834
4.230565
15.16779
17.57779
13.04779
10.83279
12.15945
10.83334
18.72445
14.47223
7.610565
23.25334
14.56168
13.4039
10.19056
13.0039
13.59112
14.65501
18.5839
20.61223
9.850009
17.40112
16.72279
14.61334
4.657231
8.188342
16.49334
10.94001
9.282231
15.7039
9.781676
12.04723
8.480565
10.17556
10.63834
6.697231
14.28168
16.1689
12.98945
10.25779
10.37445
9.411676
7.17612
7.963898
15.1539
8.281676
6.326676
3.862231
12.07501
19.34556
23.92945
22.15556
24.37279
28.35279
20.55501
15.26279
14.12556
14.44056
4.433898
4.495009
6.922231
11.46945
14.37668
11.83279
16.1639
10.13612
6.140565
10.97668
5.950565
5.639454
13.25668
10.26168
10.18779
10.55223
16.36834
10.83445
15.40334
19.68056
15.84334
8.750565
12.92668
15.55834
6.032231
7.069454
20.2339
22.80723
18.6539
17.54945
22.6489
12.17056
12.02556
11.28779
14.87501
20.68112
20.21001
22.87168
15.84334
13.57501
6.678898
12.01279
5.140009
7.178898
10.06779
5.75112
7.502787
10.27279
10.05668
14.82056
6.423898
12.66945
18.69056
10.63445
8.703342
9.090565
6.139454
6.01612
8.518898
4.929454
6.860009
5.785009
10.78501
7.544454
5.953898
8.848342
11.89168
13.94668
12.51668
12.66334
12.15279
16.71056
15.61056
7.78112
17.47001
9.245565
7.951676
12.57168
11.8339
11.3389
11.24556
11.36556
14.86945
15.27668
13.92834
12.87556
14.46556
5.635565
9.606676
5.790565
11.58556
10.59334
17.63834
11.61445
14.15279
12.66001
8.810009
7.435009
17.70168
11.70223
13.11779
12.22223
16.71668
9.118342
10.59223
17.29668
15.35612
8.932787
10.83168
7.115565
9.821676
10.01279
11.63834
14.1189
14.92612
11.87168
9.834454
9.807787
10.33556
14.17223
11.60668
13.82501
12.74001
14.32056
13.69279
15.32612
15.10668
9.773342
5.604454
5.667231
5.555565
8.575565
10.51056
9.768342
7.334454
7.728898
9.003342
10.64501
10.60834
10.1639
12.88168
19.42334
17.24945
20.5139
10.66945
8.738898
7.042231
8.828342
7.155565
11.01223
18.73834
11.22501
7.281676
4.094454
7.730565
10.76223
14.12612
12.10112
10.2239
11.0139
8.084454
15.11334
15.24723
15.1839
15.08612
15.14112
17.0789
13.51779
14.33945
17.94445
12.10556
16.49168
14.58001
11.18612
16.10723
17.28056
16.81334
18.23334
8.60112
11.94001
12.45056
18.52668
21.16112
13.42168
11.22056
13.7389
13.01779
22.05334
14.02168
4.583342
7.686676
11.99834
9.567231
24.04334
19.60556
13.30501
11.63668
8.710565
10.66723
16.89834
14.3789
17.81501
4.302787
12.64779
17.35556
9.417231
16.75168
8.611676
7.852231
8.843342
9.99112
8.803342
14.63612
8.848898
11.35834
10.55168
5.532231
14.04112
6.592787
4.739454
15.58945
9.326676
5.447787
5.629454
11.78445
8.312231
11.56834
15.6839
9.226676
6.360009
6.720009
6.014454
3.58112
6.982231
10.80279
12.01168
6.567787
17.32445
16.93223
12.74445
9.117787
7.878342
5.430009
0.9577869
8.760565
9.468898
2.535009
7.53112
15.0789
16.8689
15.21779
15.80945
15.08168
11.33612
17.55612
7.17612
6.630009
11.9689
10.42056
5.44112
7.228342
13.58112
12.71612
14.6689
7.978898
11.50834
12.75223
7.880009
15.68001
16.9589
4.777231
4.477787
12.49112
15.26723
20.43779
10.59334
17.02945
8.44612
12.22945
9.543342
6.084454
1.465009
2.641676
5.769454
7.287787
13.75945
8.879454
10.61945
6.422787
11.24223
14.52168
14.85001
5.333342
6.69112
8.630009
14.30056
5.286676
8.645009
5.055009
6.139454
10.58279
17.27112
20.13668
7.189454
9.293898
13.72056
9.682231
4.838342
3.060565
5.417787
12.70779
9.427787
12.33279
23.44945
19.62334
6.514454
12.89223
12.99056
7.303342
15.26168
8.783898
8.780565
5.543898
5.75112
4.865009
9.243898
17.86223
24.85001
7.69112
4.802787
9.913342
8.027231
0.6483425
8.163342
10.77001
12.37223
13.7439
16.45168
11.42723
19.56056
13.21556
6.508342
10.77723
21.99168
3.508898
12.53945
16.00779
16.91445
6.751676
7.00612
6.753898
10.3239
15.23168
15.86668
6.282231
5.835009
6.095565
4.889454
12.57556
2.152787
-0.4372131
6.635009
9.382787
8.965565
10.95056
15.3939
10.41501
12.50223
19.58945
14.16668
14.58279
11.4639
9.46612
13.59056
11.05668
5.580565
7.809454
16.49668
11.14168
10.31779
6.722231
10.19834
7.084454
5.823342
9.390565
6.013342
6.710565
18.26668
10.80834
22.94223
12.27945
11.3639
12.59723
15.3539
8.219454
10.4789
11.38056
8.565565
8.067787
14.95501
8.26112
6.460009
7.081676
10.55334
7.495009
14.2689
6.712787
8.680009
7.308898
5.777787
6.80112
7.552787
6.682787
6.346676
9.030565
7.253898
9.209454
8.980565
10.59445
9.833342
6.720565
5.589454
3.30612
7.678898
5.729454
11.65001
16.37501
12.61501
5.584454
9.333898
8.008342
7.011676
9.736676
13.26668
8.663342
13.19279
11.08056
18.73056
11.36112
9.170009
12.20556
15.66168
16.23168
10.5039
15.3389
14.04556
11.49556
7.119454
7.026676
13.96834
10.74556
6.515565
19.25556
11.48668
4.710565
10.67556
14.38334
11.47834
10.90445
9.492787
7.660009
5.930009
6.685009
8.371676
9.692231
13.33779
8.222231
6.136676
8.588342
5.302231
17.57668
13.07612
10.43279
12.00168
12.62556
8.781676
7.802787
13.14834
15.8289
20.50612
21.66168
22.12445
23.71779
12.29556
10.21223
14.18668
14.16501
16.90001
11.70056
7.612787
10.03612
9.486676
17.10334
13.51445
12.28723
12.38556
9.665565
19.13056
19.18834
20.41445
22.3189
17.58334
20.72501
10.43834
9.413898
8.171676
6.753342
5.289454
7.263898
15.96945
7.618898
10.75223
13.78834
15.40556
9.182231
7.108342
6.815009
4.161676
21.92445
32.40056
22.93223
15.58612
11.93112
18.6439
19.5139
11.25445
12.90334
12.57723
6.313898
12.66612
8.85112
21.8289
17.34779
11.17945
11.73445
16.39556
15.03168
12.20001
10.60612
8.357231
5.780565
3.473342
12.03334
15.98112
18.15001
21.41056
20.28668
11.16112
6.711676
11.63056
8.528898
7.017787
15.71334
19.32168
10.25334
3.226676
4.158342
9.077231
12.63334
5.515565
9.055009
12.54668
15.04056
13.49723
10.14834
7.668898
9.435009
24.89279
16.27779
12.47556
18.55723
21.58168
15.53168
11.55223
12.54334
15.53112
13.26334
22.71612
18.3889
18.60834
15.88168
5.992231
4.54112
3.762787
12.14945
13.04945
18.15668
13.53779
11.71945
11.03445
18.22223
9.028342
10.2339
6.846676
15.48001
11.60001
14.10445
12.25112
16.48223
5.262787
14.67168
13.68779
11.44445
8.232231
11.32445
10.11779
4.838342
14.89001
17.62779
5.720565
9.978898
8.445009
13.36112
25.1589
12.5389
12.04779
11.88945
21.17168
6.04612
8.42612
9.92612
12.34001
14.5089
12.46056
12.40112
8.138342
4.71112
4.91612
7.918898
6.398898
7.888342
7.042231
17.84001
15.60001
5.248898
18.51723
14.31779
8.23112
12.67723
1.067787
3.383342
8.359454
10.98612
16.26945
13.62334
5.624454
17.67501
11.35168
4.139454
10.28779
11.96945
14.70945
16.20945
13.43279
1.282231
1.771676
9.640009
4.413342
10.52112
14.00001
9.840565
6.126676
6.105009
16.51501
20.22945
12.41279
12.39112
5.676676
11.35945
14.1239
14.14056
11.02223
14.21834
12.43056
5.077787
18.23779
29.87779
29.58279
19.03945
17.08334
7.634454
1.802231
3.070565
11.05334
15.60168
16.4439
12.52056
16.6639
19.17112
21.11501
14.4939
6.612231
3.190009
4.57112
6.262787
11.95334
11.31723
8.398342
11.12334
4.060009
9.122231
17.0339
17.82168
14.16723
4.850565
8.385565
13.88834
16.31723
10.65168
6.798898
15.65945
13.54779
12.45445
5.831676
7.09612
10.2539
14.6939
10.03168
3.706676
-0.9677686
10.74501
14.26556
16.76945
6.535565
4.412787
13.94279
9.265009
18.17279
14.83556
7.570565
8.263898
11.32501
6.372231
10.67945
11.41668
8.372787
13.2539
15.88612
14.72056
11.09668
15.74056
13.51945
6.836676
10.81168
8.937787
5.722231
6.738342
7.044454
16.40334
6.260565
6.053342
1.000565
6.266676
9.308342
7.192231
10.28945
12.3639
12.50723
7.433898
8.879454
11.0689
8.010565
9.905565
10.40779
10.07501
7.43112
7.960009
6.831676
10.30334
14.37501
7.768898
9.432787
8.970009
8.138898
10.81779
13.59112
14.30279
8.972787
8.556676
13.66056
9.803898
13.49945
10.35056
6.264454
4.413342
11.30056
17.96945
18.01612
13.8489
6.679454
9.610009
7.915009
13.41501
11.13445
14.3239
8.758342
11.01168
12.69668
14.42668
11.62334
7.022787
9.420565
10.73056
13.90112
9.090009
8.165565
10.99168
10.44168
14.5439
6.348898
10.50556
13.44556
9.079454
9.776676
15.55834
10.32556
7.765565
8.795565
8.446676
7.290565
4.585565
6.263342
5.648342
10.56445
10.53279
18.78001
16.35001
13.76501
15.87168
15.74223
6.207787
8.802231
13.34668
12.16834
10.76223
8.956676
11.94612
11.89279
10.21168
6.035565
11.74168
13.47279
15.30834
13.2389
8.50612
12.21168
9.624454
7.267787
10.25556
11.67223
17.90668
9.285009
7.780009
4.490565
6.402787
9.36612
10.69668
10.06334
11.93445
9.667231
12.05556
12.66556
8.840565
14.47834
14.41445
13.3989
12.83334
10.43501
6.808342
13.7439
15.92168
13.25334
14.87945
5.393898
8.629454
14.7789
7.962231
7.658342
12.53556
12.09223
7.148342
5.895009
12.24168
14.04445
14.89056
10.93223
10.66612
15.35112
15.8939
12.3039
19.37445
10.11334
14.32723
11.4339
9.74612
13.93112
8.118898
14.72779
7.719454
6.604454
6.605565
12.70168
10.45001
12.52612
11.05723
12.16056
15.22334
18.07334
8.39112
7.690009
9.490565
16.28668
16.87112
14.63168
21.71056
18.6889
15.01779
9.013342
5.861676
3.623342
3.226676
8.038342
12.23723
8.503342
8.395565
7.145009
6.176676
9.660565
12.08723
4.938342
4.038898
9.975009
19.92279
15.68779
11.06556
5.387231
11.71168
11.94168
11.68223
9.633342
6.49112
10.80334
4.80612
1.598898
9.778342
7.921676
17.90223
12.96112
10.42279
10.77945
8.589454
5.246676
9.117787
27.25945
18.86445
16.97223
10.81834
10.8539
11.96668
17.07001
6.930009
7.144454
7.96112
12.61223
14.18279
6.671676
11.69779
12.36445
7.722231
2.914454
10.32779
6.878342
4.520009
14.37779
14.18056
12.6389
9.365009
21.11112
9.828898
13.0789
8.967787
17.75945
10.67168
9.66612
4.09612
7.09612
7.880009
4.088898
10.21056
14.90112
19.30834
25.04112
11.29612
7.958898
11.8189
11.79834
10.16223
6.460009
12.14001
20.8689
15.85723
7.357787
5.24112
4.427231
14.84779
7.183342
2.409454
3.11612
19.89945
14.45334
19.78445
13.17501
17.48168
12.47945
17.91779
12.37945
7.459454
3.919454
5.922787
15.28223
13.89168
11.81001
16.07334
15.60112
8.870009
9.090565
9.706676
14.97501
8.555009
13.17945
11.17279
13.40112
7.216676
3.729454
18.5039
19.56056
9.892231
9.378342
6.680565
12.24779
8.447787
15.63779
10.70279
15.07945
10.28334
7.144454
5.682231
12.15056
9.883342
17.73168
16.4039
8.150565
12.8339
12.25112
15.65501
8.333898
6.282231
8.440009
12.69112
5.262787
7.493342
9.487231
21.76834
28.24334
17.35001
8.122231
6.833898
12.32168
13.75723
10.77056
13.25556
6.678342
7.197231
18.99168
20.9989
6.829454
11.08779
11.78445
13.37168
12.71612
13.2539
15.8239
17.94168
8.206676
5.822231
10.45501
10.13556
22.13945
9.535565
10.57279
6.602787
7.635009
6.922787
15.66556
8.860565
10.3039
15.28501
17.20223
15.34945
9.586676
8.452787
14.7439
18.21612
22.97056
12.30668
8.070565
19.26945
13.54668
9.311676
9.567787
11.97223
8.828342
15.95445
15.65334
16.05056
9.513342
8.300565
4.386676
8.268342
6.822231
16.06945
14.4039
3.927231
16.2339
6.589454
4.568898
8.930565
7.485565
6.867787
7.495009
9.55112
11.29001
14.79168
10.47334
6.455009
11.4689
7.882787
7.480009
6.928898
8.107787
9.92112
9.552787
11.02279
10.55668
7.240565
7.173898
14.41945
16.94056
21.76445
16.87334
7.260565
7.589454
7.39612
10.1789
8.469454
8.690009
16.07501
8.205009
18.71445
12.7039
4.638342
5.971676
13.94668
18.46668
13.07334
14.48279
17.25056
11.61056
11.74112
10.01001
12.70556
15.41168
12.74168
14.7139
14.9689
12.29556
11.15556
14.11945
13.10668
7.558342
12.16556
14.01556
12.46556
13.73668
14.16056
11.88556
16.59334
16.39834
8.784454
9.242787
10.87001
11.31001
14.51501
11.49168
10.65223
15.61779
16.30223
13.08668
12.95834
15.22223
10.99668
10.94612
16.31279
13.63168
9.245565
7.241676
8.762787
11.18834
13.8289
9.75612
5.161676
5.664454
11.63779
11.50556
9.372231
13.31668
13.49501
12.53001
17.95056
19.90279
9.57612
10.98668
16.69334
17.93445
14.74723
13.42556
7.455565
6.260565
6.058342
10.04445
9.978898
6.083342
7.435009
17.10834
11.3239
13.63168
18.34334
10.40945
10.3939
10.16945
12.2789
12.29223
17.19834
28.07556
16.64223
8.568342
9.935009
10.74168
5.174454
6.650565
14.27223
20.61612
10.60112
10.4739
10.4339
6.924454
11.24334
7.327231
9.223898
11.99612
14.43112
5.708898
11.80779
12.42945
10.69445
12.60556
14.37168
10.79001
15.73612
13.59723
9.320565
8.273342
9.363342
6.35112
7.060009
9.160565
10.11668
8.95112
8.291676
7.430565
6.568898
3.767787
7.923342
16.27168
23.37334
18.30668
8.158342
9.077231
11.71334
15.18556
6.645009
13.34668
12.62056
17.41723
16.84834
18.4189
7.145009
13.22279
13.81779
9.605565
7.127231
9.251676
21.48168
10.18223
7.513342
8.74112
10.92334
8.21612
6.138898
13.93834
7.761676
9.402231
12.21112
17.26279
8.439454
13.25945
6.616676
9.497787
22.62945
15.61445
16.89223
13.94834
16.1539
13.35668
5.160009
7.970009
7.144454
11.59112
8.402231
10.47279
10.46168
14.48779
12.48445
7.142231
11.28445
14.16779
13.79834
13.31001
7.747787
7.090565
9.598898
14.57501
6.91112
12.0789
14.4089
9.217787
12.97945
9.921676
19.08612
12.84612
18.13612
18.75001
21.3389
7.960565
23.81112
23.17834
6.92112
4.21612
8.168898
7.278898
15.09834
21.25223
15.55001
17.77001
16.2489
21.18723
13.64779
15.65112
2.727231
7.727787
7.303342
1.199454
4.98612
15.63945
17.17334
10.37445
12.38501
14.60168
11.80945
10.16779
17.66945
13.33945
8.749454
5.882787
4.242231
2.691676
9.560009
20.45334
18.60112
6.160009
5.670565
9.706676
9.985009
6.265009
4.189454
9.122787
14.85112
11.63668
7.019454
19.4639
12.64056
14.35223
7.878342
13.98056
10.91779
10.90779
8.717787
12.03279
5.659454
4.123342
7.384454
2.262231
4.980565
4.713342
7.181676
5.203898
13.40056
10.7939
6.96112
5.075009
7.243898
14.74223
5.070009
12.23112
6.262787
5.033342
5.737231
6.938342
7.533342
5.270009
6.492231
5.873898
11.20168
19.71723
25.81056
24.84556
22.05834
12.61723
9.071676
13.5389
11.48945
6.957787
6.664454
13.50168
6.00612
5.463898
3.903898
10.48168
18.07668
20.03223
17.62501
2.805565
4.429454
11.53556
16.28279
17.51279
12.30501
9.222787
9.125565
9.230565
7.183898
8.205009
12.66223
12.38945
12.91668
8.332787
7.043898
6.96612
6.680565
15.46668
9.780565
9.559454
16.12668
9.561676
6.767787
4.802231
6.658342
7.664454
5.653342
8.600565
6.883342
11.09056
9.686676
13.18834
11.94223
13.48945
11.6139
4.507231
15.1039
13.75945
4.728898
14.05056
7.735565
9.327787
5.665009
6.93112
8.620009
9.371676
9.343342
9.045009
5.928898
14.84279
9.600009
9.098898
10.52779
10.84112
11.72279
7.062787
8.056676
14.03056
24.6739
25.20945
23.60056
17.71445
13.74334
9.630565
26.33945
24.18612
14.9289
10.84945
11.73001
25.11501
12.83501
9.674454
8.993898
12.38834
10.26168
12.32668
12.80668
7.703342
6.282787
14.25056
13.86056
12.69112
12.63001
10.70556
11.08168
9.941676
7.543898
8.138898
9.415565
9.285565
9.489454
9.866676
7.598342
9.615565
21.09556
8.635565
6.616676
22.50056
16.16556
8.433342
12.85834
15.48445
11.32279
9.320009
9.260009
9.315009
10.33168
11.74223
9.247787
12.59223
12.30668
12.45834
8.422231
9.166676
10.52612
9.062787
12.83168
11.28556
11.20168
13.31279
13.68834
10.4489
9.00612
10.29168
11.37445
8.597787
15.16556
11.63223
11.35668
9.285009
18.87001
10.49056
7.532787
18.73612
21.40668
17.27334
7.314454
5.207231
10.76556
10.16556
7.550565
8.558342
9.334454
14.3589
17.58334
13.02501
10.27834
13.5739
10.79168
15.34334
9.459454
4.103898
7.639454
10.5389
9.332231
10.49834
10.32556
9.052231
10.44834
5.895009
4.871676
2.504454
4.650565
6.392231
8.83612
5.06112
7.233898
5.683898
4.204454
14.24334
4.997231
18.3839
8.20612
11.01112
10.2889
6.267787
13.96945
8.524454
11.77556
4.781676
6.200009
5.44612
12.43723
12.16056
9.853342
5.573342
7.06112
17.52001
9.910565
14.82668
19.75112
13.21168
19.55056
10.3189
17.71779
18.63334
13.74168
11.54334
22.72668
18.28834
10.44723
11.55334
10.85556
13.39501
14.37668
18.25056
8.297231
12.27834
8.328898
11.64501
16.63279
12.77779
17.51556
11.42723
12.67168
11.78168
16.14223
17.92334
8.24112
7.303342
5.92612
10.8889
7.728342
3.881676
7.482231
8.62112
15.97279
13.98945
15.42945
20.99668
16.86779
15.66945
9.414454
6.802231
7.278342
10.8139
4.096676
12.11001
8.590009
9.104454
10.96112
6.282231
7.132787
4.421676
2.987787
3.784454
3.642231
4.454454
7.327787
5.218342
13.81001
12.04779
18.34056
16.6789
13.36501
14.28112
17.6189
18.9889
19.04779
8.399454
9.331676
10.00612
14.97612
13.67612
14.17001
7.838898
13.58056
19.77112
23.55834
23.41112
14.04612
13.2089
9.358898
5.628342
5.212231
11.88001
16.51001
12.9589
6.107231
17.22779
12.19112
16.50723
5.727787
17.30334
11.18945
17.11612
8.729454
15.04334
5.834454
4.845009
6.681676
10.76945
17.91779
9.639454
10.66945
15.20945
20.22279
20.74223
15.06168
7.190009
14.24334
13.60112
27.20001
9.970565
12.28668
10.89501
4.225009
7.389454
12.91279
9.40112
12.05668
11.64945
7.503898
7.230565
7.272231
16.96834
15.98056
16.53779
20.82779
7.427787
3.082787
3.739454
13.99334
15.30445
13.63223
9.440565
9.923342
16.77168
13.0339
11.65056
5.713898
15.55112
17.90501
11.4539
9.372231
21.89001
28.35112
14.97279
6.033342
17.06723
29.10834
19.66334
15.73001
9.072231
1.293898
5.821676
7.717231
7.980565
5.595565
11.75834
9.607231
2.611676
7.048898
9.829454
10.46779
10.99445
17.62168
13.54612
10.7139
13.4939
10.77168
12.91668
13.07223
11.99501
13.92556
15.54945
12.57556
13.57279
9.102787
14.55501
15.17279
18.41556
9.320565
5.263898
13.24501
9.002231
5.009454
5.036676
5.032787
15.1639
14.58612
10.31056
22.75668
21.82056
19.84945
8.956676
9.931676
11.14779
14.01223
15.90834
16.20445
11.07334
6.310565
11.22334
19.01056
19.05668
7.678342
11.19223
18.02945
15.1939
9.177231
13.2739
12.67945
25.0189
22.47056
16.44556
7.867787
5.875009
11.59112
13.62001
12.58168
15.09334
10.70501
16.7189
17.38279
22.02001
22.9789
18.19779
17.17112
19.42279
14.72279
10.47668
7.650565
13.0939
13.32945
7.520565
13.97445
12.49334
11.80056
10.54945
8.01612
13.7189
10.80945
5.530009
16.74501
10.74501
5.714454
7.123898
18.34834
10.76168
9.446676
15.30668
16.54334
12.86279
11.63056
13.07056
14.19112
11.09001
8.205565
12.24168
9.651676
15.4239
9.798898
11.75556
16.28556
19.77945
11.94668
11.17834
14.24556
8.305565
10.75556
14.23668
9.540565
12.87556
8.763342
7.018342
11.86445
16.53279
21.53001
18.89001
12.89501
12.91168
13.03223
7.617787
6.592231
7.806676
7.338342
12.63223
8.206676
8.23612
9.852787
10.62168
10.74556
20.11168
10.22279
13.05834
12.4089
13.38612
14.08168
15.57445
13.09779
9.505565
10.38223
10.18668
13.11501
7.780009
7.200565
9.322787
11.65612
14.19668
8.393342
6.934454
7.377231
9.095565
6.165565
5.880565
11.88834
19.16445
11.9389
12.24334
12.81501
9.268342
9.863898
16.75168
14.13334
11.95945
19.9739
21.00945
9.288898
11.00223
9.658342
19.48556
15.09223
8.318342
9.605009
6.871676
8.804454
14.39056
5.762231
7.66612
11.23112
10.1439
14.6839
9.244454
10.73334
6.707231
11.8439
13.53612
10.22112
7.538898
3.187787
5.089454
11.02445
16.02556
10.45168
9.620009
6.56612
8.687231
13.16056
8.723342
10.15334
16.90112
13.27001
11.07056
12.73668
10.62112
14.34168
17.26056
13.2389
11.93779
14.46334
14.32168
14.41334
17.30668
11.53834
9.827231
7.963342
6.685565
9.345009
17.67668
13.04056
15.03723
19.60834
3.458898
9.185009
6.802787
9.527787
10.30556
11.96723
6.591676
12.53168
10.22223
3.633342
19.58112
10.76334
10.30612
15.3489
6.478342
5.501676
2.782231
13.58112
13.63279
14.14945
15.12945
13.86668
13.53779
6.919454
12.28445
9.432231
9.898342
7.943898
18.01668
9.690009
18.09001
10.44445
16.46112
4.692231
12.30279
15.17168
20.60779
10.27445
9.352231
5.494454
10.32779
11.21834
20.76001
15.45779
15.51056
20.4289
15.56501
14.95112
14.7389
13.6189
7.927787
6.479454
2.461676
4.62612
8.88612
12.59612
20.46001
10.7589
15.88056
12.60112
5.138342
9.16112
15.37612
15.8289
15.1489
9.388342
3.962231
4.590009
4.930009
6.918898
1.147231
5.317787
10.48112
14.05723
18.47779
11.22334
14.07945
8.65612
2.899454
7.673342
14.74445
23.54501
7.061676
6.969454
11.16779
7.929454
10.54945
12.24945
11.22279
3.492231
3.731676
4.890009
5.913342
5.98112
5.710009
2.920565
7.456676
13.60501
9.475009
11.97945
16.75279
9.81112
11.17668
10.31945
9.083898
15.89056
11.27223
10.17834
12.48056
7.707787
8.037787
5.087787
4.662787
2.909454
7.703342
8.804454
7.802231
9.150565
7.513342
6.641676
11.9439
5.770565
13.5039
13.79112
14.45501
12.4539
4.742231
12.35001
5.11112
8.052787
7.323342
5.647231
4.108342
8.243342
9.850009
9.662231
7.913898
7.821676
6.337231
7.180565
9.005565
5.178342
5.487231
8.941676
11.4589
18.94945
11.46779
7.954454
15.74168
11.29612
13.5939
13.1539
12.06168
10.87668
18.33223
11.03501
17.75556
9.179454
12.86556
12.86279
16.35279
11.22501
8.172787
10.08556
12.98056
6.263898
6.655009
7.832231
9.799454
8.626676
12.58279
17.0839
13.08612
18.38056
25.47668
29.03056
18.38945
10.24668
7.021676
6.847787
11.50223
15.57834
9.464454
8.113342
10.85056
14.59334
16.96056
10.43668
11.67834
12.36223
7.699454
11.7739
13.97723
8.893898
14.67945
11.7289
9.680565
11.64556
13.03779
16.78501
11.68112
18.21001
15.91168
11.26334
6.995009
4.138898
8.132787
10.47001
7.428898
7.157787
7.30112
11.55279
10.73279
13.26668
12.28056
13.6739
11.70945
8.430565
7.804454
9.283342
8.130565
6.759454
9.18612
10.5089
12.47945
18.19001
8.285009
10.49501
11.79445
14.1239
11.09834
10.60168
11.73668
14.72668
7.493342
7.362787
10.17056
5.110565
5.99112
14.47001
13.16556
12.95168
18.82168
18.8739
15.3389
10.87556
14.53556
9.279454
8.776676
10.13834
10.24556
7.725565
11.50556
8.276676
9.960565
7.755565
10.34334
7.558342
11.27445
17.57279
13.41001
12.60001
12.72501
11.41168
11.78223
9.577787
6.262231
6.136676
10.74834
9.262231
9.586676
12.02612
10.89279
6.671676
6.125565
11.12168
10.68279
10.51834
15.4089
10.83612
17.66168
13.20445
12.46779
19.58556
12.29223
16.56668
8.335009
7.990009
9.740565
7.942787
7.61612
9.066676
6.223342
10.23445
7.077231
9.765565
10.78556
5.510565
5.808342
5.874454
9.188898
11.62334
9.225009
11.22834
9.493898
16.42168
13.09334
12.03945
15.1839
11.08945
10.1589
12.91223
9.078342
6.735565
12.34223
15.77834
7.855009
10.36168
15.17445
15.35056
11.60223
14.25612
11.56112
19.9339
10.0139
11.25445
12.74334
15.28723
10.8939
10.20612
8.47112
12.3689
14.30779
12.71945
16.02445
17.55556
7.491676
12.20001
20.68612
12.39723
12.66056
10.43334
5.743342
12.65112
13.77001
16.03056
18.69668
21.71112
18.79168
9.590565
13.7789
24.22779
10.80334
8.281676
10.83334
12.39668
7.748342
8.777231
3.633342
8.395565
6.305009
8.716676
9.750565
11.99723
2.358342
7.158898
11.64501
8.142787
6.987787
10.68556
11.21723
11.88168
6.071676
11.26223
15.25334
17.78112
11.55334
8.96612
15.5989
8.188342
6.751676
3.702231
8.33112
8.182787
13.43945
10.21945
6.416676
7.577787
7.259454
7.034454
9.972231
12.69834
14.9039
7.266676
10.44001
10.51001
11.97445
15.29112
6.482231
9.092787
12.84168
7.487787
6.484454
10.64223
15.90445
9.457787
17.29834
8.180009
10.79779
10.93056
15.5489
10.57501
11.70112
6.288898
11.3689
22.25779
4.979454
6.921676
6.74612
6.80612
8.22612
4.840009
5.338898
7.420565
7.19112
16.00834
3.37112
6.37612
17.2889
25.7289
21.83834
23.91223
18.59001
12.60001
11.5389
13.89723
5.937787
23.48112
20.55723
17.64779
12.96334
17.39945
11.36612
21.68945
16.66334
12.29445
11.79501
15.19168
10.38945
13.33779
13.04945
9.669454
17.20945
17.00279
16.49223
14.35168
18.14001
11.70334
16.77112
20.13001
13.17056
10.57668
8.855009
8.725009
13.43945
9.462787
18.19112
15.26668
20.35945
10.0039
6.430565
6.812231
18.75834
16.60056
12.36779
8.157787
5.217787
5.042787
4.239454
7.873342
9.554454
3.922231
1.270565
1.843342
6.561676
7.033898
13.81056
9.083898
5.21112
13.07501
11.4139
5.372231
17.36001
11.48112
13.01279
15.99334
21.27723
11.14834
6.163342
6.140009
9.872231
12.2039
14.24168
16.25723
13.77056
17.38556
6.808342
8.487231
6.781676
13.0889
14.40945
8.587787
10.45445
14.00168
16.25612
6.253898
2.113898
3.821676
9.406676
11.08223
17.24501
7.015565
8.469454
11.61556
13.07279
13.56279
12.59501
7.262787
9.085565
10.07056
20.0539
18.24501
7.922231
7.509454
10.95668
15.07279
8.833898
5.33612
4.050565
7.216676
11.03056
8.769454
14.20668
15.64168
18.89779
21.55223
10.56834
12.91445
11.86334
11.51056
16.05334
16.29056
14.76668
7.268342
5.442231
17.57945
16.0639
17.63723
13.2739
19.55945
16.5589
11.47056
13.27556
10.69779
12.24501
9.55112
9.000009
14.08168
11.47334
8.785009
14.3889
25.50279
11.22001
2.558898
7.357787
11.13112
8.842787
8.022787
11.84668
17.20056
11.0039
7.919454
9.110565
14.05445
15.08334
12.96056
10.42945
12.06612
13.2689
11.84945
6.360009
6.745009
6.285009
13.29445
7.203898
8.098342
9.721676
12.44668
8.926676
8.033342
15.69279
12.33056
14.32056
18.86112
19.84001
20.16556
9.081676
9.611676
12.8439
12.0889
16.29556
16.65556
16.02945
14.44668
11.34834
11.49556
15.46556
12.04556
14.40668
10.83056
9.335565
9.093342
13.34834
18.07445
16.15279
12.08001
9.140009
10.38501
9.911676
11.86223
14.07779
10.76223
11.63668
13.12834
11.80223
15.33668
13.02612
16.35279
15.71168
14.78556
9.991676
9.142787
12.76834
16.4889
11.63612
12.33168
13.32445
11.22779
13.50556
15.17223
12.06668
13.95501
12.07001
18.57056
18.19279
12.94612
9.156676
9.273342
6.724454
10.99723
11.51556
8.535565
14.47056
16.14834
13.91445
10.8189
10.46334
16.43501
10.81834
13.6139
6.501676
8.843342
20.73945
12.9739
17.12945
17.5689
17.04223
25.03834
15.57556
9.432231
12.94834
14.02501
14.78168
8.344454
13.15056
7.062231
9.37612
13.44112
8.353898
10.0139
14.79445
12.98334
13.61723
19.6739
11.78612
16.76112
8.618898
12.18779
10.42945
7.814454
7.475565
7.611676
15.33001
20.22612
15.84723
12.66056
12.77334
17.53334
14.48112
11.56001
13.41056
14.07668
9.62112
5.961676
3.800565
3.568898
3.437787
10.34334
13.44168
7.873342
14.97668
15.19834
14.03723
12.50334
6.395565
8.345009
10.00668
15.38056
18.12723
17.30834
11.3289
5.815009
6.092787
11.27779
14.52556
9.967231
9.171676
11.78168
7.262231
10.13334
14.36112
20.30334
9.50612
9.058898
20.31834
21.79168
5.452231
5.20112
5.642787
6.729454
7.379454
19.90668
19.58779
7.129454
10.57445
14.26223
12.85834
6.363898
11.68668
13.57001
9.220009
10.47445
14.17112
12.77223
15.17279
8.381676
7.067787
8.984454
8.852231
13.16445
9.497787
12.79834
15.14001
13.62779
10.85056
11.3089
7.025009
14.83112
11.5789
7.748898
18.66779
20.80945
20.71168
17.75612
22.59612
7.42612
19.80001
18.3489
11.92056
16.40112
8.598342
10.50112
14.71612
12.4989
9.238898
7.508342
8.712231
10.51001
14.47001
5.538898
6.357231
11.35779
16.65112
17.34723
13.89779
23.68334
15.94945
13.44612
7.149454
5.833342
10.16445
16.13501
12.18168
12.59945
20.74779
13.62945
12.37945
14.78945
15.97279
8.662231
9.811676
7.390009
13.12334
12.02112
11.16001
7.500565
7.616676
10.39501
12.39501
16.22945
12.25279
10.81112
7.556676
6.689454
10.2539
7.310565
5.432231
9.968342
8.770565
15.20779
9.747787
4.377787
13.04279
12.19945
8.623342
12.13445
7.852231
8.030565
13.51334
15.68168
11.6539
11.90056
13.6639
12.09112
6.735009
4.863898
4.572231
12.73001
9.03112
6.472787
11.66334
17.77723
24.68834
11.62334
16.06001
14.74223
13.4639
11.41168
12.41723
12.27056
19.01556
21.71834
13.02723
7.411676
8.998898
12.44945
7.837787
12.49445
18.12168
11.59612
10.5039
13.7339
6.981676
7.786676
12.74223
16.03501
15.68556
11.92945
12.19556
13.03279
14.81279
14.01501
9.922787
6.415565
6.400565
9.593898
15.74501
8.292231
9.099454
11.12668
5.122787
10.7939
18.25612
13.47056
2.886676
10.03056
10.72945
6.046676
7.681676
13.64779
10.30223
12.78834
15.75445
16.81334
12.06056
4.723342
4.080565
14.51668
21.18834
26.53223
22.94945
11.0739
9.847231
9.773898
11.87945
5.308898
9.840565
22.69556
15.57779
10.53501
4.68112
3.330009
11.33168
15.14334
15.07501
9.388898
12.63279
17.35001
19.0189
24.85779
26.21112
17.80279
14.10279
9.936676
11.24056
17.9639
11.86945
13.31056
14.05445
13.78334
7.590565
5.179454
8.43612
6.308898
5.439454
7.780009
6.365009
10.41501
8.924454
8.333898
11.00834
13.43168
16.82668
7.436676
10.28334
7.782787
7.960565
13.23056
10.48112
18.34001
15.95556
16.32168
14.15168
7.423898
7.218898
6.625565
9.245565
10.02945
7.816676
12.84834
17.99556
15.42556
11.34556
13.56668
9.250565
12.25556
15.17334
18.38834
15.98445
8.822787
5.410009
9.810009
14.97501
12.37168
15.65223
19.78779
15.01223
14.75668
12.41834
11.89223
7.626676
8.77612
14.39279
14.25168
23.16556
19.12168
13.09279
7.308342
6.908898
12.92612
12.29168
7.914454
10.17779
14.37556
9.342231
8.106676
12.29501
8.410009
8.900565
7.822787
11.49612
6.156676
5.773342
14.56445
13.12723
9.555565
11.49556
9.010565
8.728342
7.674454
9.608898
5.293342
4.725009
15.64834
16.8639
9.841676
6.753342
9.659454
8.183898
11.71945
11.6989
8.792231
7.488342
11.24556
13.51223
9.698342
13.81501
12.49168
12.96445
17.23056
10.64223
8.49612
16.60112
11.1039
14.0939
12.87445
9.033342
20.20723
11.8439
19.24612
10.97112
10.0389
18.17779
16.83945
17.14445
15.27556
13.95168
15.41001
11.98612
15.43723
16.45056
5.483342
3.653342
7.56112
5.480009
14.41056
13.53668
4.00112
14.30168
12.63056
12.3589
7.177787
5.543342
5.281676
17.29334
19.26668
19.45834
23.56723
15.09334
15.51556
14.89501
13.09668
10.29056
12.45723
12.01834
16.2489
13.30501
8.262787
11.81779
8.685565
12.92723
8.671676
6.481676
7.812231
12.63334
13.87112
8.133342
6.92612
15.4289
10.10834
6.671676
8.822231
22.67112
23.17279
8.359454
9.919454
7.286676
1.537787
9.419454
12.99445
8.642231
11.60834
9.903898
14.72668
6.410009
5.090009
6.814454
16.16112
20.61223
13.55279
5.841676
4.487787
6.614454
4.682231
8.324454
7.537787
5.468342
3.220009
16.20779
17.72056
9.468898
8.825009
10.24112
22.0289
9.158898
5.887787
1.979454
7.421676
7.83612
12.88612
6.55612
9.710009
5.758898
6.380565
9.89112
7.928342
15.67112
12.92612
16.0389
20.3589
7.838342
12.25223
10.92001
10.76001
12.4989
13.01723
10.85779
13.19112
9.597231
8.107787
8.433342
4.699454
1.61612
2.769454
2.963342
10.33445
15.34501
17.14168
11.84945
15.12779
12.88945
18.95945
16.95945
9.092787
6.582231
16.56168
23.97001
21.24334
15.44112
11.08001
12.96056
14.86668
18.26501
15.01501
4.639454
12.87279
10.02112
15.71668
7.899454
7.463898
13.52056
12.14223
7.008342
12.89056
9.127787
6.617787
5.177787
8.872787
10.53945
10.53334
13.22445
10.88223
7.650565
13.67334
5.731676
6.533898
8.650565
10.1239
2.05112
6.365009
8.823898
9.082231
8.560009
19.57112
16.63279
5.363342
9.527231
14.81834
9.413342
19.73001
13.49223
10.5839
2.411676
8.377231
8.310565
14.13556
19.46834
21.19723
5.401676
9.878898
8.199454
12.21779
18.08445
13.37168
13.96612
17.8739
12.4439
10.90168
10.41668
3.322231
11.53501
10.17556
6.889454
7.785565
6.572787
12.90279
8.755009
5.182787
9.505565
16.32056
14.6839
13.87501
20.92223
16.88945
4.996676
4.792787
7.623898
12.08612
10.60056
12.96668
15.66056
12.13945
14.62668
19.10168
18.18779
15.88223
13.78834
6.584454
4.693342
13.72056
13.34334
10.46056
7.346676
6.138342
11.32223
5.119454
5.073898
7.177231
10.8139
12.83945
15.0689
11.34056
18.35556
19.49779
19.74501
21.30112
8.750009
9.001676
9.973342
10.58501
11.5989
11.09279
13.68001
7.218898
7.157787
9.67112
6.722787
11.60279
16.10668
12.15056
9.963898
8.039454
8.900565
12.88445
14.74334
14.01056
9.089454
14.26612
16.8489
15.42945
18.28001
13.45501
14.57501
10.96445
11.1639
8.758342
6.931676
12.48668
6.346676
9.373342
12.69279
13.25056
11.69056
12.32112
6.800009
10.33556
7.621676
8.071676
8.593898
12.7589
9.705565
8.745565
8.909454
8.236676
8.098342
10.70556
8.175565
8.215565
14.56668
12.92056
10.21556
9.763342
15.05834
13.32445
15.03279
9.950009
10.10001
16.85501
11.58168
11.11223
7.707787
7.342231
9.966676
11.41834
9.762231
9.826676
10.11612
10.60279
8.251676
9.865565
11.03168
10.60279
9.598342
7.448898
7.54612
6.661676
6.864454
8.267787
11.41556
10.75223
6.776676
8.915009
9.110009
10.65056
15.90279
9.90612
7.446676
6.523342
10.26445
9.917231
12.38556
11.41556
9.970565
9.058342
8.374454
6.518898
16.29334
18.80501
21.89834
15.2839
14.59168
9.173342
8.169454
16.6439
10.66945
10.0789
7.502231
4.788342
3.825565
9.972231
20.77834
11.64501
22.62168
21.42445
6.480565
21.01223
14.78612
7.43112
10.8539
10.5939
15.20445
12.03334
7.207231
2.853898
14.08612
14.18112
7.168898
9.187787
10.67945
10.35445
8.225565
8.661676
9.780009
8.31612
12.05723
6.410565
18.56334
19.52334
13.10112
8.020009
7.780565
10.40668
9.75112
10.17168
6.970565
26.6089
12.38779
10.00334
13.65168
8.503342
5.636676
10.07834
12.74723
7.963342
10.80556
5.975009
8.176676
7.290565
7.997231
8.268342
13.7089
11.93501
8.592787
8.357787
9.265565
5.177231
9.541676
10.99168
9.722231
5.713342
3.91112
4.463342
3.80612
2.428898
7.778342
2.301676
10.40223
9.16112
10.72279
9.779454
10.58945
4.996676
6.537787
8.639454
10.16445
6.802231
8.028342
14.1539
14.18668
16.07001
15.42001
11.31445
6.96112
9.152231
9.552787
5.841676
7.737787
13.11445
13.85223
11.65445
8.407787
2.258342
4.680009
1.297787
3.800565
10.8889
11.61501
14.32112
8.538898
8.668898
13.63779
6.599454
5.001676
8.62612
10.59612
11.55612
9.090009
13.6289
3.540565
3.39112
9.478342
14.49112
15.54612
10.5889
20.3589
12.75834
8.582231
17.25001
9.430009
3.658898
4.277231
7.357787
8.86112
14.80723
9.607787
5.343342
20.98945
21.48612
12.89945
5.753342
13.99445
13.83501
9.811676
21.84945
14.79779
4.969454
3.959454
13.95945
11.68279
5.162231
7.601676
12.81001
3.453342
10.81112
8.960009
9.630565
15.03668
14.73501
13.18501
12.97945
16.79279
15.31112
6.506676
6.899454
6.873898
5.390565
4.392231
9.878342
7.020565
9.877787
5.077787
15.63779
7.042787
6.909454
8.953342
6.224454
7.472231
19.52056
10.22334
12.85168
10.1539
21.77056
18.4239
8.92112
14.45501
12.1239
10.28223
9.400009
9.69112
14.18279
18.11334
13.93723
20.76834
9.543342
10.60001
14.49223
13.0839
21.24168
16.29723
19.27056
14.71556
13.29834
23.56723
26.07168
16.1289
9.039454
4.047787
13.82445
13.83168
30.26612
21.0539
4.153898
19.07168
21.36668
13.32223
8.585009
17.38556
7.599454
5.615565
13.07279
15.56279
11.09501
9.842787
8.295565
10.65056
12.8439
12.32501
11.00223
6.809454
9.956676
13.78279
11.0439
10.88612
14.51056
19.29668
19.28056
12.26945
12.20668
18.18168
10.35779
20.96223
14.02834
11.87445
6.693342
9.350565
10.55334
10.29056
5.016676
7.098342
7.402231
10.32945
5.943898
9.597231
8.223898
16.66945
8.568898
10.88056
6.815565
17.69779
22.11501
17.55112
12.50001
7.291676
17.35334
20.87501
17.2289
15.76279
21.02001
20.5989
14.27779
7.84112
7.472787
14.35279
15.51668
14.32056
8.883898
16.16945
8.940565
13.17445
12.83334
17.26056
13.46945
8.51612
15.4689
29.80945
22.90001
8.075009
10.74501
18.91445
21.4539
17.88834
14.27168
14.48668
9.806676
13.49334
12.40279
6.460565
7.150565
11.65112
10.72001
10.54556
14.82168
11.03168
9.463898
17.7189
20.20556
18.37556
12.19945
7.566676
10.21834
11.70556
9.095565
15.55556
21.81668
16.79056
16.71556
14.80334
16.84834
10.90445
7.912787
10.03001
16.02001
14.09501
13.66168
13.20223
7.667787
11.26223
18.63668
14.95834
16.43223
10.62668
9.19612
13.77279
9.161676
6.915565
9.821676
6.392787
9.728342
11.1989
17.12612
12.25168
14.82445
8.847787
7.125565
9.172231
7.726676
8.495009
8.030009
6.450565
8.362787
8.44612
19.48668
28.19334
18.64445
11.95723
14.05556
10.12556
15.59056
12.30834
18.33445
12.3589
11.04334
19.22501
11.43834
11.5839
9.631676
12.21334
17.61945
11.6439
11.92945
21.1989
10.50223
15.94834
4.615565
8.892231
10.98834
19.85501
12.20168
8.134454
5.060565
5.312231
9.37612
13.35112
16.1439
16.2239
13.66445
12.23334
8.747231
6.973898
15.91612
17.85112
13.7489
11.84779
11.17945
14.77445
17.64556
17.03168
11.62001
8.43612
14.26723
10.86056
7.643342
20.57334
10.06112
9.810009
12.03056
7.736676
20.04112
15.84168
12.88056
12.8589
15.22779
10.92334
11.40168
14.49334
14.84668
10.61834
12.90723
14.33334
16.22556
13.14501
9.506676
15.29056
9.457231
9.308342
15.4589
23.26501
7.682787
10.23779
7.815565
11.33723
10.75168
16.07168
15.06223
17.25334
13.03112
15.47334
18.96612
25.8089
12.76834
8.961676
16.40223
12.83112
12.63279
14.81945
11.83945
14.03668
16.74779
17.50945
12.99445
14.93223
15.77834
10.4439
3.596676
8.780009
9.510009
5.314454
6.46112
12.36223
20.97279
22.51168
20.56779
17.94445
12.98223
14.86445
11.11779
14.21834
11.85001
16.04779
10.47056
12.7689
10.69501
6.49112
4.408898
6.668898
4.057787
4.309454
12.79168
18.58612
15.59612
16.42612
11.88001
8.128898
4.210565
10.68112
11.51834
7.25112
11.62612
9.998898
7.818898
10.71834
13.87223
5.960009
8.680009
10.9989
4.687231
5.737787
11.02112
12.76723
19.93779
16.46334
4.859454
4.98612
5.149454
12.12334
6.744454
10.88501
9.481676
9.559454
14.99779
9.799454
14.24945
7.669454
5.672787
7.492231
11.44168
14.85001
23.24334
7.36112
8.580009
16.79056
12.03668
9.395009
8.685009
9.559454
9.042787
6.35112
12.05668
16.94945
9.753898
10.69056
11.72223
9.718342
8.730565
14.49779
14.28779
13.54779
23.33279
25.07945
17.37334
9.684454
15.76223
14.73056
16.05334
10.48168
3.613898
12.40056
12.4639
14.67112
9.785009
4.373898
7.072231
8.560009
11.44112
16.38279
8.873342
10.06723
8.108342
8.913342
13.10001
16.95223
16.9139
11.24168
7.127231
9.470565
11.13556
15.71834
11.81723
10.36168
16.3389
15.07945
10.83779
13.57445
14.79168
19.09612
20.7139
16.0739
11.65168
10.28668
-1.297769
2.035009
12.59556
22.42945
24.90556
16.41279
11.69279
11.29501
7.842787
14.37556
10.07056
8.473898
16.78501
10.25223
6.389454
9.706676
18.57279
9.993898
12.54612
19.84056
9.466676
7.620565
7.849454
11.29668
16.22168
15.10779
7.432231
6.028342
17.00445
21.19334
9.760565
7.723342
7.790565
4.216676
9.558342
7.192231
4.529454
4.943898
14.00723
5.393898
8.679454
13.6889
10.26056
6.865565
5.487787
3.495009
8.01112
8.960009
7.211676
6.013342
5.875009
4.768898
7.222787
9.850009
4.388898
4.777787
5.71112
5.552787
4.852787
5.556676
5.990565
5.633898
8.829454
9.400565
12.55445
15.49334
11.76056
11.21945
7.18612
12.3089
12.59945
10.86001
13.03501
9.495009
7.464454
8.413898
25.58834
27.26168
9.156676
7.686676
8.703342
12.36279
9.170565
11.82056
10.99112
10.42001
12.37556
12.74168
12.15168
11.4639
11.1389
14.29556
15.78556
17.28945
21.19668
16.76834
15.07556
12.18556
10.96556
7.736676
5.040565
4.925565
5.933342
7.688342
10.44445
7.742787
8.490009
9.020009
10.59501
11.99168
9.402231
8.417787
18.67223
15.42668
13.99834
18.05223
14.62668
18.36612
12.14279
8.871676
9.365565
17.57168
22.14279
12.47834
7.998898
8.42612
8.331676
9.534454
10.38779
8.795565
9.292231
6.856676
13.70501
10.53001
12.15056
14.19279
13.32612
9.606676
8.023342
14.56445
10.61723
9.935565
16.49556
10.38056
8.688342
6.124454
8.108898
13.66334
7.605009
7.398342
9.833898
11.25168
8.873342
10.65945
7.303898
6.429454
7.618898
7.292231
12.19834
7.695565
13.26223
17.31834
22.85501
14.04168
10.21445
14.36056
11.22223
12.00612
16.14112
8.523898
7.803898
6.214454
7.743342
10.12723
13.5139
12.82612
13.06112
9.538898
10.17779
8.549454
15.97445
13.68556
15.82168
9.870009
9.31612
6.517231
9.990565
15.64334
12.36334
15.31112
17.98001
12.95056
11.40668
11.91112
9.211676
11.01056
3.318898
5.977787
9.673342
12.15168
5.963342
5.886676
7.328342
5.407231
6.343342
9.355565
12.68501
9.426676
5.700565
6.007231
3.188342
9.918898
8.355009
9.342787
9.317787
10.35556
12.08723
16.79168
12.74168
14.18223
18.80334
7.20112
7.423342
6.71612
9.098898
12.56834
12.04168
22.53223
19.37112
14.55279
17.43945
18.46945
8.286676
13.91779
15.75945
16.95445
18.18223
12.11834
13.5239
6.186676
8.280009
8.640009
10.27445
12.75112
23.98223
14.30279
16.09168
5.737787
17.27445
23.26223
23.07445
11.53779
14.04834
16.68001
15.95779
17.27056
14.7589
11.61501
16.28112
14.9889
7.328898
7.467787
8.189454
10.88168
13.66612
11.67612
20.84612
9.250009
6.628898
4.800565
13.14112
9.348342
11.75112
20.79612
28.4989
